0 0.414323 0.380093 0.015104 0.021296
0 0.392067 0.405734 0.009135 0.031838
0 0.420008 0.489344 0.055640 0.032392
0 0.492915 0.486432 0.026456 0.041382
0 0.531250 0.466204 0.023958 0.056481
0 0.538802 0.637500 0.024479 0.032407
0 0.456510 0.623148 0.052604 0.012963
0 0.426821 0.752794 0.034891 0.027809
0 0.477197 0.745829 0.019565 0.023156
0 0.528125 0.829167 0.023958 0.050926
0 0.523438 0.765741 0.008333 0.016667
0 0.376640 0.850127 0.023072 0.048401
0 0.375521 0.963889 0.022917 0.070370
0 0.378908 0.654764 0.020317 0.057676
0 0.453646 0.539815 0.007292 0.009259
0 0.496094 0.335648 0.106771 0.160185
