0 0.077416 0.890244 0.032218 0.076767
0 0.643220 0.260469 0.029617 0.054896
0 0.722584 0.219468 0.021019 0.051044
0 0.501680 0.227767 0.020533 0.057095
0 0.246087 0.377330 0.024086 0.067815
0 0.820797 0.319041 0.029980 0.049500
0 0.372243 0.297512 0.021720 0.049480
0 0.074570 0.500331 0.037491 0.091014
0 0.526906 0.786002 0.046642 0.138757
0 0.580019 0.545446 0.017872 0.047493
0 0.588068 0.179738 0.021781 0.047984
0 0.535683 0.346603 0.030676 0.080692
0 0.292019 0.610101 0.026920 0.064938
0 0.262605 0.630563 0.017416 0.044988
0 0.299973 0.683807 0.013635 0.015005
