0 0.262037 0.467969 0.220370 0.133854
0 0.479630 0.532552 0.050000 0.011979
0 0.280901 0.581577 0.085876 0.061070
0 0.285389 0.643008 0.092593 0.015890
0 0.287500 0.676823 0.017593 0.011979
0 0.303704 0.727865 0.022222 0.022396
0 0.359722 0.709115 0.041667 0.009896
0 0.415741 0.699219 0.044444 0.027604
0 0.421759 0.742188 0.028704 0.025000
0 0.343056 0.762500 0.036111 0.017708
0 0.531481 0.744792 0.024074 0.011458
0 0.575000 0.732812 0.014815 0.008333
0 0.500762 0.750692 0.039264 0.016812
0 0.415278 0.769010 0.008333 0.005729
0 0.369907 0.740104 0.019444 0.005208
