0 0.326093 0.596944 0.119093 0.149571
0 0.743792 0.765222 0.124773 0.259933
0 0.126819 0.464503 0.023496 0.037955
0 0.090194 0.371041 0.007774 0.013155
0 0.206799 0.367603 0.008172 0.014650
0 0.269087 0.362072 0.006378 0.008970
0 0.281744 0.361623 0.008970 0.013454
0 0.304766 0.366706 0.007574 0.009867
0 0.397153 0.361474 0.009368 0.012557
0 0.420075 0.372088 0.011760 0.015846
0 0.935783 0.428781 0.015898 0.025755
0 0.728308 0.411849 0.017488 0.033864
0 0.572344 0.378701 0.011447 0.023848
0 0.485413 0.394313 0.016936 0.024312
