0 0.257719 0.293994 0.037835 0.054354
0 0.880304 0.316584 0.034996 0.063335
0 0.523568 0.194411 0.034688 0.057785
0 0.710190 0.233629 0.025105 0.052912
0 0.119803 0.508929 0.062130 0.139705
0 0.632210 0.667813 0.033407 0.074303
0 0.461208 0.344987 0.053302 0.081544
0 0.748420 0.942093 0.043903 0.112973
0 0.399589 0.230064 0.021201 0.042565
0 0.549126 0.495068 0.018398 0.028748
0 0.117989 0.752887 0.013692 0.028713
0 0.329037 0.449194 0.011221 0.024355
0 0.034237 0.375952 0.023236 0.032211
0 0.373014 0.764068 0.054134 0.056266
0 0.961610 0.465522 0.032596 0.055005
0 0.612981 0.293839 0.011451 0.018187
0 0.364392 0.587064 0.036667 0.073257
0 0.445985 0.836431 0.027902 0.038633
